750
861 71
743
877
723
532
228
663
12 471
711 2
499
360
119 327
251
467
334
227 478
722
166
430
195 960
504
754
926
854
732
805 161
559
694
179
619 603
350 455
429
566 825
830
648
788 64
314
612 797
774 871
626
846 990
893
812
955
565
192
502
623
110
744 949
729
816 571
844
231 385
932 999
978
564 128
488
83
690
513 911
426 665
222
867
886
406
301
836
615 443
546
486
256 157
516
450
144 143
194
948
5
548 246
716 705
30 595
802
168 828
413 553
98
330 46
127
249 408
219
253 953
333
462
469 543
35
741
136
3
44 490
852
673 26
889
446
924
95 474
966
650
315
89
288 395
689 116
201
592
840 573
771
23
790
853 280
245
410 476
148
289 375
848
174
121
92
681 657
785
578 215
606
91 20
725
874
519
273 424
787
550
720 617
530
382 957
500
109
520
621
941 31
703 88
302
348
472
55 668
260
697 366
718
399 698
551
678
747
434 583
588
200 834
75
278
505
299
435
631 102
594
438 422
240
895
345 817
268
677
934 165
420
575
376 783
576
433
13
555
96 126
290 740
313
819
452 93
627
358
372 285
287
58 991
312
63
320
338 751
855
216
609 795
65 581
11
580 517
597
298
45
693
21
146 608
584
655
632 752
933
996 250
894 501
142
149
724
318 525
124 982
620 8
509
189
527 884
649
404
927 666
734
842
987
554
708
514
558 130
380
255
582 79
217
535 753
147 99
936
339 481
18 995
860
187
888
415 636
24
457
328
688
203
572 454
891 6
799
837 946
736
672
483
67 234
730
733
935
198 175
629
768
684 409
847 482
412
436
757
913
685 915
236 263
779
963
411
883 0
719
416
748
968 190
511 365
865
324 562
786
706
965 335
281
209
342
712
241
306 721
765 695
570
497
997
343 53
70
432 188
378
670 137
247
994
950
353 118
19
951
549
654
613
389
349
41
534 717
659 470
282
737 675
329
156 114
845
972
232
51 155
196
153 872
804
213
975
14
937 252
61 82
567
206 993
364
541
887
691
458 643
789 714
140
674 909
839
873 169
90
878
25
856 262
739
233
921
945 769
862 814
468
809
560
351
117 160
357
910 929
78
508
728
942
976
254
319
383 701
710 524
815
491
292
792
561
746
87
164
355 158
291 686
305
150 344
494 634
637 129
309
401 226
325
272
73
644
829
796 547
258
692
906
473
414 85
998
849
60
495 36
679
275
922
770 984
916 943
905
52 903
181
777
37 484
625 552
707
801 123
47 528
539
304 492
332
954
387
536
32 204
370
354
979 68
667
307 599
177
267
587 428
208
507
756
42
485
618 242
212
940 163
397
986
311
537 66
125
899
111
239
386 577
880
7
76 244
4
614
367
17
418 806
308
557
38
590 183
316
521 735
947 57
776
533
568 545
870
15 902
381
393
180 466
980 398
286
640
803
50
864
300
151 475
652
869
340
859
402 522
656
939
437 653
210
423
368 185
868 662
133 904
784
265
154
962
823
460
841 394
425
170
363 607
641
821
646
628 660
34
589 835
261
969
700 750
283
593
115 27
303
223 876
758 726
120
611
225
235
218 238
624 683
449 243
9
956 879
702
159
919 920
257 182
374
145
48
938
277
284
331 405
391
687
885 86
479
970
296
682
138 882
202
97 813
761
229
105 958
197
77
983
211
352
798 760
671
661 336
141
122
647
639
715 461
373 419
540
896
503 630
908
791
173 818
907
463
515
39
22
214 392
973 981
600 359
658
326
167
362
977 447
742
989
205
556
923
453
563 221
781 985
337 407
964
780
704
371 773
94 297
967 108
775
441
442
270 266
451
680
531
778
178
518 427
616
431
456
890
843
755
811
264 898
669
510 321
294
396
833 800
850
28
139
831
523 162
384 269
176
101 832
134 824
875
763 512
496 49
72 585
81
369
341 901
186
276
388 199
103
106
664 952
440
645
866 295
10 586
767
62
184
638
390 794
745
379
900
863
542 271
917
591
622 403
526
544 892
709 961
361
80 459
569
642
421
596
113
69 84
439
448
1
598 988
676 465
40 172
738
400
602
259 445
347
279
959
131 918
930 974
230
928 444
480
604
713
808 635
132
610
633 858
464 248
971
931
171 417
601 498
793 881
377
346
851
152 224
356
857 207
759 529
489
506
651 782
820
826
16
29
822
605
193
762 810
56
772
112
731 191
944
33
914
838 912
107
59 310
317
43
237 696
897 322
574
699 579
827
100
764
135
925
274
220
807
293
538
992
54 487
477
749 104
74
766
323
727
493
